124493
2558286
4787150
2831793
1777162
2562987
50265
6304246
5339515
2003326
557197
5182050
2204373
3219026
4163860
1419095
2165650
754565
3069354
4650315
256802
1883865
652457
2757689
1650010
39828
3043603
1389663
2291265
613592
251683
2021758
4852013
3641404
84841
4196808
3533958
4495871
3110552
2734971
27055
8482062
1837989
843086
1787027
1558603
4183454
3126596
4581715
6127312
4007897
3068044
2614511
2155578
2735250
2454767
3099689
2565902
6806754
4114438
227717
1500305
3551255
718454
3213239
3179601
3221564
6295380
1986262
2051389
4758982
4170932
1208858
3048222
464203
4194445
1629553
7892320
1126229
1545031
6169483
2932510
2866814
4607565
4448118
948713
2556958
2148231
2323131
2022445
5201225
3382084
7088526
903978
1688846
2644828
1855540
846038
4260383
4133758
